"Município";"2005/Jan";"2005/Fev";"2005/Mar";"2005/Abr";"2005/Mai";"2005/Jun";"2005/Jul";"2005/Ago";"2005/Set";"2005/Out";"2005/Nov";"2005/Dez";"2006/Jan";"2006/Fev";"2006/Mar";"2006/Abr";"2006/Mai";"2006/Jun";"2006/Jul";"2006/Ago";"2006/Set";"2006/Out";"2006/Nov";"2006/Dez";"2007/Jan";"2007/Fev";"2007/Mar";"2007/Abr";"2007/Mai";"2007/Jun";"2007/Jul";"2007/Ago";"2007/Set";"2007/Out";"2007/Nov";"2007/Dez";"Total"
"350010 Adamantina";120;403;341;367;315;280;171;173;173;172;171;152;143;171;171;171;171;173;171;172;180;175;171;173;155;171;260;268;295;235;259;240;282;284;265;301;7895
"350030 Aguaí";152;209;185;203;183;152;163;174;160;243;238;337;333;342;319;166;77;146;159;246;210;180;195;113;-;101;162;175;130;153;98;138;140;140;227;247;6596
"350040 Águas da Prata";-;-;-;-;-;-;46;74;127;99;-;-;68;70;55;70;64;53;70;70;70;69;43;70;56;70;66;68;54;50;70;53;40;60;42;55;1802
"350050 Águas de Lindóia";100;80;80;84;104;149;146;172;149;153;168;200;200;200;164;90;90;201;211;248;249;227;237;251;180;165;229;160;65;227;168;281;229;288;282;254;6481
"350060 Águas de São Pedro";-;-;-;-;-;-;-;-;-;-;-;-;-;-;-;-;-;-;1;4;3;-;-;3;12;3;-;-;-;-;-;-;-;-;-;-;26
"350070 Agudos";-;-;-;-;-;-;-;-;-;-;-;-;-;-;99;90;174;159;184;108;57;142;118;139;75;84;167;109;146;73;83;94;87;98;79;112;2477
"350090 Altair";-;-;-;-;-;-;-;-;-;-;-;-;-;-;-;-;-;-;2;5;-;6;79;57;-;-;-;1;-;-;-;2;5;6;17;-;180
"350100 Altinópolis";105;149;86;113;96;75;91;85;75;75;119;109;121;75;102;-;113;-;40;108;147;196;199;164;169;186;214;233;229;185;225;104;164;215;193;193;4753
"350115 Alumínio";94;94;94;94;94;94;94;94;94;94;94;94;94;94;29;94;142;153;163;165;177;221;159;184;184;90;82;171;125;173;243;194;242;237;199;219;4962
"350130 Álvares Machado";84;143;200;160;360;160;56;239;210;230;145;175;81;170;230;230;120;80;84;275;235;110;150;230;88;280;341;225;251;259;174;120;116;190;174;137;6512
"350160 Americana";549;625;731;796;582;775;690;785;498;389;783;833;478;496;777;535;419;391;563;814;578;635;416;480;613;402;529;538;505;409;373;438;265;451;382;295;19818
"350170 Américo Brasiliense";-;-;-;-;-;-;-;-;-;-;-;-;-;-;-;-;-;-;-;73;73;74;81;81;62;53;69;76;85;97;79;105;70;91;91;104;1364
"350190 Amparo";113;117;76;102;89;81;52;60;65;43;30;45;6;16;8;7;-;27;41;64;72;71;68;63;-;66;67;33;81;61;63;88;81;61;19;-;1936
"350210 Andradina";87;70;198;256;212;249;189;240;234;266;195;160;88;88;88;140;140;140;140;359;-;271;-;278;174;260;242;265;440;354;358;354;404;319;281;238;7777
"350220 Angatuba";135;135;135;135;135;135;135;135;95;95;95;95;95;95;95;117;173;162;189;198;245;207;160;252;230;103;256;310;304;333;249;267;302;284;311;300;6697
"350250 Aparecida";165;78;121;76;-;55;75;53;63;101;64;39;43;69;70;30;-;-;6;40;43;63;78;71;-;10;116;71;-;-;73;55;61;104;104;102;2099
"350270 Apiaí";33;162;178;232;232;232;232;232;232;232;185;163;197;27;141;294;187;170;275;245;322;303;299;260;217;298;334;340;352;284;30;96;-;-;-;-;7016
"350275 Araçariguama";61;61;61;58;61;60;56;63;61;63;48;55;63;55;63;38;59;60;22;33;39;73;54;55;75;75;74;91;106;52;100;85;72;-;30;35;2117
"350280 Araçatuba";262;423;587;498;445;43;65;45;60;35;35;17;46;62;331;402;326;479;459;391;451;414;303;371;303;485;350;345;381;473;178;352;337;376;435;468;11033
"350290 Araçoiaba da Serra";6;6;6;6;6;6;6;6;6;6;6;6;6;6;282;368;357;242;303;276;200;191;223;116;135;147;149;143;176;141;129;211;212;201;163;218;4667
"350320 Araraquara";45;60;26;49;49;63;47;61;60;58;45;60;60;150;54;49;82;76;73;238;212;97;101;113;116;83;353;294;263;286;357;394;374;382;398;393;5621
"350330 Araras";69;55;100;100;100;100;100;100;100;100;100;101;111;114;114;114;114;114;114;108;114;114;114;114;114;114;114;114;114;114;114;114;85;-;85;85;3651
"350350 Areias";1;-;-;3;-;-;3;63;10;-;8;-;-;-;-;-;-;4;-;-;-;-;-;-;-;-;-;-;-;-;-;-;-;-;-;-;92
"350370 Ariranha";38;40;40;40;40;40;40;40;190;190;190;40;40;40;40;40;40;35;32;30;30;19;18;20;10;15;15;15;15;18;16;15;15;16;18;15;1495
"350380 Artur Nogueira";179;179;179;179;179;179;179;179;179;179;179;179;179;179;217;68;105;175;153;145;145;150;195;195;209;184;196;211;203;201;155;232;207;212;156;155;6375
"350390 Arujá";276;276;276;276;276;276;276;276;276;276;276;276;257;231;140;211;-;211;211;211;211;210;211;211;211;211;-;211;211;211;211;211;211;211;211;211;7948
"350400 Assis";460;352;322;384;403;401;299;351;279;283;254;76;125;339;705;707;706;401;704;680;665;514;704;323;625;459;688;707;544;706;704;706;734;707;712;718;18447
"350410 Atibaia";368;642;651;785;696;581;721;645;773;458;332;356;305;232;795;661;845;265;125;319;713;618;831;471;651;534;781;624;802;694;533;704;615;768;606;241;20741
"350450 Avaré";225;310;462;401;455;402;319;422;398;321;261;339;257;377;450;424;371;364;395;371;419;379;223;230;233;398;436;490;455;497;580;361;668;303;404;204;13604
"350460 Bady Bassitt";-;-;-;-;-;-;-;3;3;3;3;10;3;10;10;80;80;10;15;53;15;10;10;10;3;11;5;11;-;-;-;-;-;-;-;-;358
"350490 Bananal";-;-;-;-;-;-;-;-;-;-;-;-;-;-;-;-;-;-;-;47;32;38;20;29;6;40;56;-;36;50;48;31;25;33;23;20;534
"350550 Barretos";998;640;640;1400;330;1151;1095;1129;985;1057;943;908;1218;1400;1072;939;1002;963;991;886;753;761;1060;459;1056;1056;1056;894;865;1073;1240;1580;1422;1540;1609;1554;37725
"350560 Barrinha";123;123;123;123;123;123;123;123;123;123;123;123;123;123;123;120;109;249;249;249;249;249;243;246;237;247;249;249;249;249;249;249;187;187;-;231;6391
"350570 Barueri";1751;1956;1961;2095;2107;1806;1641;1896;1679;1558;1151;1937;1366;1318;1376;1712;1593;1610;1546;1613;1600;1287;1599;1907;1589;1336;1480;1478;1478;1350;1810;1758;1854;2025;1858;1931;60012
"350590 Batatais";385;242;255;247;253;259;377;360;395;396;377;378;323;251;362;329;353;310;301;302;369;358;358;354;258;166;396;363;271;292;251;273;230;301;295;260;11250
"350600 Bauru";1804;1532;2629;2432;1902;1683;1827;2066;1673;1930;1360;1788;1458;1731;1457;2801;1771;2127;2203;2248;2062;1630;1148;1139;1082;1103;910;898;1683;2455;1748;1376;1365;1273;1217;1641;61152
"350610 Bebedouro";12;18;16;156;75;50;17;12;40;4;-;-;13;528;279;197;383;731;817;796;807;790;492;738;491;898;739;632;691;522;592;570;518;554;412;411;14001
"350630 Bernardino de Campos";105;105;105;105;96;105;105;105;105;105;105;105;105;105;64;104;89;78;92;64;121;97;52;128;26;99;43;124;91;116;88;56;68;85;81;29;3256
"350635 Bertioga";230;231;192;144;148;295;201;200;105;136;185;138;102;301;190;236;223;265;159;342;176;157;315;161;179;199;229;244;349;213;42;295;236;139;149;307;7413
"350640 Bilac";-;-;-;-;-;-;-;-;-;-;-;-;-;-;-;-;-;-;-;-;-;-;-;-;75;61;129;136;140;145;-;109;166;192;147;150;1450
"350650 Birigui";762;756;792;822;834;352;352;-;-;-;-;-;135;194;182;178;143;323;267;335;438;317;432;121;81;137;113;81;53;49;59;75;378;270;291;410;9732
"350660 Biritiba-Mirim";119;171;26;282;152;225;91;82;238;210;117;285;75;193;137;157;94;187;85;146;61;82;130;189;80;81;94;115;103;37;61;55;33;73;91;121;4478
"350670 Boa Esperança do Sul";-;-;-;-;-;-;-;-;-;-;-;-;-;-;5;5;5;5;5;5;5;5;5;-;-;-;-;-;-;-;-;-;-;-;-;-;45
"350700 Boituva";120;96;-;80;140;120;116;123;150;150;150;-;150;131;134;156;150;150;265;289;265;252;234;150;150;84;122;68;150;150;150;150;150;-;130;130;5005
"350710 Bom Jesus dos Perdões";100;-;91;100;100;100;100;100;100;-;-;100;100;100;100;201;163;130;186;180;143;209;170;163;197;171;156;182;165;174;186;171;173;197;139;207;4854
"350740 Borborema";10;10;10;10;10;10;10;10;10;10;10;-;-;-;-;-;-;-;-;-;-;-;62;-;-;-;-;-;-;-;-;-;-;-;-;-;172
"350750 Botucatu";930;1480;1762;1896;1752;2207;1785;1980;1709;1785;1585;1567;731;1554;1393;1864;1740;1691;1695;1678;1969;2036;1374;2072;594;1405;1465;1864;1865;1950;1615;1761;2041;1460;1839;1283;59377
"350760 Bragança Paulista";289;234;496;414;459;432;506;288;446;350;551;562;579;617;506;671;631;665;681;755;448;498;418;472;411;548;330;238;305;246;293;363;436;338;334;334;16144
"350780 Brodowski";-;-;-;1;-;161;163;163;194;93;167;117;56;141;128;121;188;119;118;28;82;25;100;109;78;81;112;93;131;129;139;169;133;165;28;10;3542
"350790 Brotas";76;76;76;76;76;76;76;76;76;-;-;-;-;-;128;120;62;85;98;93;63;100;80;88;74;92;117;128;140;86;140;140;140;140;140;131;3069
"350800 Buri";13;71;94;95;70;101;80;75;89;113;54;138;58;136;73;84;107;99;115;117;121;143;100;164;93;122;100;120;116;65;121;80;133;64;86;111;3521
"350820 Buritizal";-;-;-;-;-;-;-;-;-;-;-;-;-;-;-;2;-;-;2;1;2;-;-;-;-;-;-;-;-;-;-;-;-;-;-;-;7
"350840 Cabreúva";198;70;204;214;201;214;109;62;180;180;180;180;180;174;13;32;138;113;123;243;274;163;330;239;168;250;188;187;249;248;159;148;249;214;213;173;6460
"350850 Caçapava";300;300;300;300;300;300;300;352;327;334;272;302;300;300;315;339;325;329;328;334;333;307;300;303;308;301;300;300;300;300;300;327;433;421;334;534;11658
"350860 Cachoeira Paulista";121;165;104;54;163;85;178;176;4;108;129;80;135;86;55;72;143;158;115;69;293;147;150;80;165;97;150;114;131;106;49;146;136;117;120;131;4332
"350870 Caconde";90;145;98;140;81;103;113;34;41;117;117;117;117;117;80;74;90;90;90;90;90;90;70;90;79;87;91;90;70;90;80;90;90;90;90;136;3367
"350900 Caieiras";9;99;111;115;138;136;221;244;197;176;115;123;205;99;168;160;180;118;261;262;271;212;296;251;271;240;405;425;463;375;471;264;334;322;487;350;8574
"350920 Cajamar";265;321;505;313;429;382;398;443;418;437;405;369;226;440;326;468;221;401;417;452;594;490;395;356;43;104;382;518;442;482;493;460;534;479;343;417;14168
"350925 Cajati";196;196;196;196;185;212;212;212;212;196;212;212;212;212;212;221;204;220;202;80;121;129;108;137;123;140;140;138;131;134;140;115;140;-;140;85;5921
"350940 Cajuru";161;194;231;256;177;402;215;261;270;213;298;265;-;304;307;229;277;237;324;234;70;125;90;128;160;175;305;384;322;286;287;455;286;-;379;250;8557
"350950 Campinas";3999;4261;3939;4832;4040;3949;4303;4838;4241;4890;4584;2836;3703;4589;5204;5544;3751;5659;4434;4814;5752;4157;5854;4311;4042;4815;3970;4696;5275;3927;4279;5653;6565;5393;5180;8159;170438
"350960 Campo Limpo Paulista";223;250;208;197;100;100;-;-;34;250;250;250;250;250;135;378;357;370;332;329;347;400;285;345;267;316;376;334;400;600;563;492;600;494;491;523;11096
"350970 Campos do Jordão";275;295;282;279;180;160;127;119;90;107;147;130;124;-;-;-;-;-;-;-;21;-;-;-;-;-;-;-;-;-;-;-;-;-;-;-;2336
"351000 Cândido Mota";83;31;31;91;38;57;53;49;41;39;94;26;11;32;56;33;53;48;60;33;66;48;45;49;42;35;28;54;112;-;57;-;-;-;-;-;1495
"351010 Cândido Rodrigues";7;7;7;7;7;7;7;7;7;7;7;7;7;7;50;55;60;66;70;78;82;85;90;96;103;108;110;105;109;100;110;112;113;111;114;105;2130
"351020 Capão Bonito";165;221;257;257;171;257;163;145;77;124;118;74;102;109;129;127;132;121;164;253;-;225;111;186;75;105;101;72;73;135;150;198;145;76;73;75;4966
"351030 Capela do Alto";155;155;155;145;125;103;20;125;60;113;106;5;5;124;125;99;5;127;125;236;204;154;177;174;112;195;238;246;177;291;536;365;246;197;198;215;5838
"351040 Capivari";142;142;142;142;62;179;193;208;247;87;221;241;208;206;249;59;241;251;212;83;274;241;290;252;218;237;259;282;240;246;226;249;237;117;88;185;7156
"351050 Caraguatatuba";369;470;377;334;321;364;306;284;419;324;289;356;274;384;259;317;296;296;359;371;306;267;313;347;207;340;325;343;275;311;213;159;222;227;251;129;11004
"351060 Carapicuíba";592;601;609;611;597;615;618;1054;1054;1054;1054;1054;1054;1054;687;1036;1760;2012;1995;2349;2269;2602;2069;1657;2250;2287;2351;2375;2417;2436;2598;2641;2326;1629;1681;1673;56721
"351070 Cardoso";-;-;-;-;-;-;-;-;-;-;-;-;-;-;5;5;-;-;-;-;-;-;-;-;-;-;-;-;-;-;-;-;-;-;-;-;10
"351080 Casa Branca";547;298;300;494;555;452;577;471;504;473;472;420;472;472;352;352;352;352;352;352;352;351;352;352;352;161;240;328;218;352;220;223;228;228;296;229;13101
"351090 Cássia dos Coqueiros";3;3;3;1;2;3;1;2;-;-;-;1;-;1;1;2;-;2;-;1;1;-;-;-;-;2;-;3;-;2;3;1;-;-;1;33;72
"351100 Castilho";-;-;-;-;-;-;-;-;-;-;-;-;-;-;-;-;-;-;-;-;-;-;-;-;52;52;52;52;52;52;52;48;74;88;72;75;721
"351110 Catanduva";505;391;539;486;592;669;591;456;616;553;462;733;510;564;489;590;501;801;755;588;651;657;697;652;409;601;478;559;595;626;533;572;542;500;359;325;20147
"351120 Catiguá";-;-;-;-;-;-;-;-;-;-;-;-;-;-;-;-;-;-;-;-;-;-;-;-;-;1;11;17;18;10;4;-;-;8;6;1;76
"351130 Cedral";18;18;18;18;18;18;18;18;18;18;18;18;18;18;18;45;25;40;35;33;36;70;30;28;26;26;28;28;29;31;29;35;55;28;29;43;999
"351140 Cerqueira César";109;109;110;110;115;120;120;120;120;120;120;120;120;112;112;145;159;164;165;199;202;206;209;211;212;213;217;220;209;208;202;205;157;154;155;202;5751
"351150 Cerquilho";60;60;60;60;60;60;60;60;60;60;60;-;60;60;60;60;60;60;60;60;60;60;60;60;60;60;60;60;60;60;60;60;60;60;60;60;2100
"351160 Cesário Lange";71;87;87;87;87;87;87;71;87;87;87;71;71;71;71;71;236;192;165;303;152;116;173;71;242;71;201;235;168;197;130;229;212;211;170;168;4922
"355720 Chavantes";69;69;69;69;69;69;69;69;69;76;76;76;76;76;52;52;52;52;52;52;52;52;52;52;52;52;132;135;176;37;176;125;147;102;122;114;2891
"351190 Clementina";3;6;3;2;5;3;3;-;6;9;9;7;-;39;-;42;48;55;18;18;15;23;9;10;-;31;6;29;27;25;9;3;8;8;-;5;484
"351220 Conchal";130;128;126;126;152;127;170;148;164;42;-;-;88;159;137;101;170;130;170;159;166;161;163;150;170;170;170;170;170;160;170;170;170;170;-;170;4927
"351230 Conchas";2;2;-;-;-;-;-;-;-;-;-;-;-;-;-;-;-;-;-;-;-;-;-;-;-;-;-;-;-;-;-;-;-;-;-;-;4
"351240 Cordeirópolis";37;37;37;37;37;37;37;18;45;45;-;-;-;-;60;60;75;75;19;61;75;85;72;86;67;117;85;90;102;79;57;96;89;102;54;79;2052
"351260 Coronel Macedo";52;49;-;-;-;-;-;-;-;-;-;-;-;-;-;-;-;-;-;-;-;-;-;-;-;-;-;-;-;-;-;-;-;-;-;-;101
"351280 Cosmópolis";386;409;283;324;260;249;86;98;87;307;285;133;407;327;258;185;350;335;331;176;176;-;-;-;-;-;179;176;176;151;176;152;132;10;109;10;6723
"351300 Cotia";387;375;399;395;387;399;399;399;395;392;4;3;153;153;153;3;153;1093;-;905;939;799;981;1094;539;1120;943;904;1076;967;1000;1244;1134;1079;1223;1047;22636
"351310 Cravinhos";153;153;153;153;153;211;211;211;211;211;211;211;211;211;211;211;211;287;280;318;298;277;277;325;225;286;278;178;311;315;279;306;304;308;290;221;8660
"351340 Cruzeiro";599;421;415;327;368;303;347;425;438;311;303;191;115;169;172;18;40;77;63;187;167;179;134;359;307;250;238;230;205;169;331;350;341;334;346;342;9571
"351350 Cubatão";791;996;1062;986;1095;698;924;972;899;872;847;680;914;938;510;819;833;774;690;968;876;716;794;734;1120;497;1135;1130;986;824;794;986;1168;1087;1085;1171;32371
"351360 Cunha";158;113;168;16;-;143;73;47;106;132;93;171;135;119;115;137;124;94;150;109;96;129;99;37;48;100;104;79;92;56;87;88;71;70;42;73;3474
"351370 Descalvado";30;30;30;30;30;30;30;28;30;30;30;30;30;38;77;345;345;260;173;260;353;107;-;1;-;-;-;-;-;-;-;-;-;-;-;-;2347
"351380 Diadema";1120;1512;1409;1463;1629;1325;829;1174;1329;1277;1058;801;1033;1162;1118;966;1624;701;1447;1523;1518;1020;1413;1371;794;1037;1443;923;1133;972;1052;1097;1073;1228;929;1270;42773
"351385 Dirce Reis";-;-;-;-;-;19;15;20;20;20;30;-;-;30;30;15;15;31;30;-;-;30;12;6;4;-;6;23;26;1;8;8;13;8;8;30;458
"351410 Dois Córregos";123;-;143;127;-;121;121;121;121;121;121;121;109;121;194;154;119;177;149;113;170;162;142;85;198;233;145;164;136;193;129;185;280;179;143;183;5103
"351430 Dourado";-;-;-;40;60;60;60;60;60;60;60;60;60;60;20;20;20;20;20;20;20;20;20;20;20;15;20;20;20;20;20;20;20;12;10;8;1045
"351440 Dracena";-;-;-;-;-;-;-;-;-;-;-;-;87;195;184;188;162;172;155;143;149;98;148;122;126;113;145;174;160;174;179;137;148;152;155;143;3609
"351470 Echaporã";13;105;51;78;64;16;-;-;-;-;-;-;-;-;-;-;-;-;-;-;-;-;-;-;-;-;-;-;-;-;-;-;-;-;-;-;327
"351480 Eldorado";55;-;60;60;92;105;105;105;105;105;105;105;105;105;105;60;-;-;-;-;-;-;30;20;7;22;11;7;-;14;17;23;21;-;20;31;1600
"351490 Elias Fausto";37;37;38;40;42;40;74;9;28;18;18;18;18;18;19;27;44;42;39;40;42;37;26;22;20;37;21;33;28;30;14;35;41;29;20;21;1102
"351500 Embu das Artes";926;1698;1129;1372;1514;1407;1096;1014;1202;1450;1325;1332;1061;1554;1523;1647;1721;1726;1426;1433;1626;1199;1206;1554;1028;1521;1325;1451;1436;1461;1147;1466;1618;1145;1562;1467;49768
"351510 Embu-Guaçu";394;395;396;398;395;396;395;396;397;398;416;411;408;395;277;394;443;491;478;372;397;423;371;398;191;239;376;416;600;429;412;435;489;401;582;537;14741
"351518 Espírito Santo do Pinhal";136;141;140;140;140;140;140;97;140;140;140;140;160;40;111;160;160;131;160;160;161;160;142;143;170;-;170;202;187;131;194;177;103;172;125;115;5068
"351519 Espírito Santo do Turvo";-;-;-;-;-;-;-;-;-;-;-;-;-;-;-;-;-;-;-;-;-;-;-;-;-;-;-;-;-;7;7;7;5;5;5;7;43
"355730 Estiva Gerbi";-;-;-;-;-;-;-;-;-;1;1;1;-;-;-;-;-;-;-;-;-;-;-;-;-;-;-;-;-;-;-;-;-;-;-;-;3
"351520 Estrela d'Oeste";68;69;11;69;69;61;69;-;-;-;-;-;-;-;-;-;-;-;-;-;-;-;-;-;-;-;-;-;-;-;-;-;-;-;-;-;416
"351535 Euclides da Cunha Paulista";-;-;-;-;-;-;-;-;-;-;-;-;-;-;-;-;-;-;-;-;-;-;-;-;-;-;-;-;-;26;29;25;30;27;32;50;219
"351540 Fartura";60;60;60;60;60;65;65;65;65;59;65;65;65;65;65;70;70;70;70;70;70;70;58;70;46;70;62;70;70;70;70;70;70;70;70;70;2370
"351560 Fernando Prestes";-;12;13;25;12;-;3;10;10;10;10;10;10;10;10;10;20;10;-;10;19;22;16;10;10;10;15;10;20;6;3;5;4;3;2;5;355
"351550 Fernandópolis";34;37;35;35;35;-;-;-;-;-;-;-;-;-;-;-;-;-;-;-;-;-;-;-;-;-;-;-;86;96;95;86;34;38;32;54;697
"351565 Fernão";-;-;-;-;-;-;-;-;-;-;-;-;-;-;-;5;8;6;-;3;8;5;-;-;-;-;-;-;-;-;-;-;-;-;-;-;35
"351570 Ferraz de Vasconcelos";464;589;741;744;743;788;727;747;767;767;778;776;720;734;905;855;758;847;784;1127;927;751;883;1086;1060;1009;879;1284;893;781;985;792;869;991;843;1038;30432
"351600 Flórida Paulista";55;109;65;91;109;89;86;109;105;66;79;85;11;77;87;47;74;55;61;55;82;55;76;113;32;106;75;71;93;82;116;74;63;64;57;127;2801
"351610 Florínia";-;-;-;-;-;-;-;-;-;-;-;-;-;-;54;80;62;88;29;88;39;84;37;73;27;69;84;43;41;83;26;78;77;50;76;77;1365
"351620 Franca";1049;602;1325;1485;1236;1411;1309;1353;1279;1667;1320;1517;934;1661;1418;1584;1362;1703;1869;1866;1871;2033;1620;1319;982;1614;1783;2089;1676;1852;1471;2011;2126;1707;1700;1632;55436
"351630 Francisco Morato";165;95;159;132;112;126;195;160;148;84;120;260;212;98;154;337;241;224;254;251;323;258;238;371;141;183;173;247;160;223;181;138;262;179;197;281;7082
"351640 Franco da Rocha";2549;2094;2608;2696;2406;2674;2587;2630;2469;2121;2601;2520;2395;2605;2584;2594;2598;2516;2279;2722;2833;2424;2338;2325;2351;2145;2745;2409;2239;2372;2237;2744;2820;2380;2636;2616;89862
"351660 Gália";-;-;-;-;-;-;-;-;-;-;-;-;-;-;-;-;-;-;-;21;41;-;-;2;-;3;-;-;-;-;-;-;1;-;-;-;68
"351670 Garça";131;89;136;75;77;108;102;139;112;185;191;157;193;196;88;159;157;151;131;152;89;113;109;55;91;108;105;127;73;55;77;77;85;122;114;66;4195
"351690 General Salgado";7;44;57;46;30;31;34;13;8;82;30;12;53;53;44;37;52;53;36;46;24;43;10;-;-;44;44;61;20;23;43;24;68;91;46;29;1338
"351740 Guaíra";116;-;133;5;79;1;1;135;135;110;140;139;153;89;146;121;121;104;164;115;186;90;167;110;140;124;156;136;138;140;272;86;134;92;208;107;4293
"351760 Guapiara";44;44;41;41;38;38;38;38;38;38;38;38;38;38;38;126;97;261;241;237;156;212;202;199;179;189;205;205;222;290;305;352;274;352;327;225;5444
"351770 Guará";10;10;10;-;-;-;-;-;-;-;-;-;-;-;49;-;70;141;176;320;154;157;123;176;190;220;191;181;205;226;225;180;255;225;305;310;4109
"351780 Guaraçaí";5;28;32;35;21;20;5;13;15;19;22;19;-;-;11;9;7;14;8;1;10;10;3;4;-;7;13;6;9;13;4;12;17;9;7;8;416
"351800 Guarani d'Oeste";17;17;17;17;17;17;17;17;17;17;17;17;17;17;17;17;17;17;17;17;17;17;17;17;22;18;22;17;17;13;5;5;5;4;6;6;548
"351820 Guararapes";27;-;37;33;33;46;46;46;46;-;46;46;46;46;-;88;102;216;170;192;237;205;213;58;61;213;214;183;144;264;162;238;140;206;264;200;4268
"351830 Guararema";15;15;15;25;25;25;25;25;25;25;25;25;25;25;48;48;70;57;70;70;70;92;84;106;62;102;154;105;93;114;105;108;127;111;153;176;2445
"351840 Guaratinguetá";3;18;7;-;-;-;-;-;67;-;-;-;-;-;-;-;-;-;-;-;-;-;-;-;-;-;-;-;-;-;-;-;-;101;438;211;845
"351850 Guareí";56;56;56;56;56;56;56;56;55;55;56;56;56;56;56;59;60;60;63;64;64;72;61;64;64;66;61;61;61;60;57;58;60;60;58;60;2131
"351860 Guariba";256;202;380;315;318;436;376;385;435;345;16;352;352;352;352;273;515;411;470;506;420;494;381;395;477;392;585;302;554;446;365;394;411;446;335;350;13794
"351870 Guarujá";174;146;900;566;840;811;1043;1124;1051;1083;1435;1561;1139;1161;958;1026;705;932;833;800;734;213;1319;793;818;844;870;1262;1218;1218;1221;1161;968;1012;1086;974;33999
"351880 Guarulhos";3140;3705;3830;4275;3939;4239;4031;3788;4501;3646;3669;3866;3858;4259;2579;4759;3666;3620;3636;4386;4179;3186;3790;4622;2787;4507;3161;4333;4014;4324;3535;4837;3981;3746;3941;4023;140358
"351885 Guatapará";-;-;-;-;-;-;-;5;-;-;-;-;-;-;-;-;-;-;-;-;-;7;-;-;-;-;-;-;-;-;-;-;-;-;-;-;12
"351905 Holambra";60;60;60;60;60;60;58;60;55;56;54;53;50;50;104;141;172;175;172;182;197;191;215;149;135;152;140;137;142;132;102;133;98;118;127;112;4022
"351907 Hortolândia";523;70;542;531;588;683;67;756;743;725;536;388;67;123;609;631;464;659;512;567;554;603;165;54;54;49;511;66;654;142;425;285;262;324;234;99;14265
"351930 Ibaté";137;152;168;174;261;249;251;244;253;286;221;269;211;257;171;286;160;292;303;290;274;345;303;328;291;364;323;254;365;296;300;317;332;272;339;291;9629
"351940 Ibirá";-;-;-;-;-;-;-;-;-;-;-;-;-;-;-;-;25;45;-;-;-;4;-;-;-;57;3;5;-;-;6;2;-;5;6;6;164
"351960 Ibitinga";167;174;177;187;174;170;170;174;180;189;197;195;198;182;177;230;191;186;188;207;258;214;199;272;159;132;202;199;77;10;6;9;1;6;5;10;5472
"351970 Ibiúna";100;289;273;241;166;215;314;234;340;335;392;309;292;398;430;250;407;460;351;351;282;412;302;233;303;313;354;153;-;319;86;500;481;509;423;232;11049
"351980 Icém";50;61;60;60;60;60;60;41;39;41;40;40;40;40;-;73;37;43;59;50;57;59;38;61;29;64;52;61;33;60;47;58;67;29;61;79;1809
"352010 Igarapava";-;-;21;25;25;25;25;25;-;-;-;-;-;-;-;-;-;-;-;-;-;-;-;-;-;-;-;-;-;-;-;-;-;-;-;-;146
"352020 Igaratá";-;2;2;2;2;2;2;2;2;2;2;2;2;2;2;2;2;2;2;2;2;2;2;2;2;2;2;2;2;2;2;2;2;2;2;2;70
"352042 Ilha Comprida";-;-;-;-;-;25;50;50;35;8;13;15;10;15;18;21;11;42;9;3;17;7;7;15;-;2;-;-;15;-;-;-;-;9;-;13;410
"352044 Ilha Solteira";126;-;153;165;176;168;165;176;-;-;-;176;176;105;176;176;176;93;176;176;176;166;152;174;176;143;176;176;176;176;176;62;176;176;130;176;5146
"352040 Ilhabela";76;27;82;-;105;79;59;63;61;65;65;78;33;70;68;51;54;69;35;20;85;67;58;38;45;58;51;31;22;70;37;62;41;63;69;60;2017
"352050 Indaiatuba";907;959;1009;615;1188;855;687;802;947;923;762;642;761;1683;783;838;789;791;602;777;775;737;639;641;644;764;765;762;665;664;691;778;575;580;501;223;27724
"352090 Ipaussu";56;56;56;56;56;50;50;50;50;50;50;50;50;50;33;48;83;102;85;75;100;65;77;89;34;96;58;90;79;97;63;66;106;23;139;89;2427
"352100 Iperó";106;106;-;-;-;-;-;-;-;-;-;-;-;-;-;-;-;-;-;-;-;-;-;-;-;-;-;-;94;94;94;94;94;77;77;79;915
"352120 Iporanga";-;-;-;-;-;-;-;-;-;-;-;-;-;-;-;-;-;-;-;-;-;-;-;-;-;-;-;-;4;1;4;6;4;-;3;-;22
"352130 Ipuã";1;1;1;1;1;1;1;1;1;1;1;1;1;1;56;56;56;56;56;52;79;79;48;51;27;50;56;40;38;57;40;42;43;61;89;66;1212
"352140 Iracemápolis";-;-;-;-;-;-;-;-;-;-;-;104;104;104;60;60;60;60;60;60;60;60;60;60;60;60;60;60;51;51;62;107;66;111;36;122;1758
"352170 Itaberá";103;88;103;106;106;130;117;130;107;97;130;65;129;130;128;84;154;109;139;150;127;117;87;127;112;111;132;130;120;105;140;140;106;88;140;89;4176
"352180 Itaí";162;163;169;169;169;169;169;170;174;170;171;172;173;178;178;213;211;215;215;213;219;228;219;206;228;217;253;122;135;259;126;176;388;376;378;390;7543
"352190 Itajobi";-;-;-;-;-;-;-;9;9;9;2;2;2;2;2;2;2;2;2;2;2;2;2;2;2;2;2;2;2;2;2;2;2;2;2;2;79
"352210 Itanhaém";-;-;337;290;349;137;148;372;414;455;132;-;421;465;-;385;50;300;31;555;466;309;437;431;363;294;430;396;393;371;181;-;87;204;275;226;9704
"352220 Itapecerica da Serra";698;491;695;794;889;1093;999;1169;1179;1253;995;1071;965;811;1170;1199;1101;995;1043;1190;1177;994;1559;1240;672;965;1238;1022;1059;1069;1179;1508;1091;1290;1311;1359;38533
"352230 Itapetininga";752;752;752;752;752;752;752;752;752;752;752;752;752;752;752;765;575;402;445;518;457;462;624;471;599;570;586;617;617;617;600;596;600;602;819;829;23651
"352240 Itapeva";489;523;234;286;374;678;796;553;750;736;641;659;663;722;764;827;710;501;528;541;508;847;836;886;613;1280;772;852;477;675;498;-;-;-;-;-;20219
"352250 Itapevi";648;646;679;709;736;719;708;708;716;713;666;657;695;691;522;689;667;662;662;679;691;693;671;682;685;688;729;684;669;362;370;368;832;663;1177;1140;24676
"352260 Itapira";137;150;107;-;274;306;352;303;341;215;389;214;350;294;333;245;307;204;346;362;251;298;252;185;184;260;286;296;388;270;295;404;321;396;327;346;9988
"352270 Itápolis";218;391;317;419;320;461;464;309;485;479;453;347;360;409;177;330;375;288;236;158;201;244;278;351;235;178;298;404;295;360;247;215;167;226;229;180;11104
"352300 Itapura";-;-;-;-;-;-;-;-;-;-;-;-;-;-;-;-;-;-;-;-;-;-;-;-;-;-;-;-;-;-;-;-;-;-;-;1;1
"352310 Itaquaquecetuba";400;400;375;400;400;400;400;400;400;400;1000;1000;814;1000;866;1000;1017;1013;1031;1024;1057;1023;1027;19;990;985;1004;1017;1018;1021;1005;947;944;931;944;942;28614
"352320 Itararé";77;141;120;269;211;286;340;185;245;136;352;304;352;295;185;172;126;148;145;169;228;345;180;150;146;173;269;204;222;284;230;449;557;445;423;440;9003
"352330 Itariri";-;-;-;-;-;-;30;30;30;30;30;30;30;30;29;16;80;-;141;67;56;73;40;65;56;56;61;67;66;63;63;70;110;25;72;35;1551
"352340 Itatiba";286;214;312;349;409;438;347;450;398;342;343;406;268;317;410;335;261;344;268;381;312;319;357;300;394;460;441;390;469;399;349;233;172;243;167;152;12035
"352350 Itatinga";-;-;-;-;50;50;50;50;50;51;50;50;37;-;-;102;110;137;134;125;170;143;84;106;-;58;115;76;63;73;59;56;99;112;107;91;2458
"352380 Itobi";87;67;102;70;73;96;68;69;54;74;84;60;56;41;53;82;70;52;62;31;38;32;30;62;28;37;50;48;49;56;61;55;62;48;54;68;2129
"352390 Itu";652;789;854;658;875;887;860;889;874;873;865;882;835;928;862;924;896;913;915;927;920;1085;963;1123;786;765;766;832;844;692;845;1034;963;930;689;867;31262
"352400 Itupeva";-;176;8;-;175;197;129;171;155;147;140;140;110;163;124;165;-;141;138;176;143;175;176;176;119;172;190;200;211;148;185;230;165;198;182;133;5258
"352410 Ituverava";173;198;217;138;121;100;138;-;-;43;84;141;124;150;141;150;139;150;139;150;150;149;150;150;114;146;128;150;137;150;114;150;150;150;96;150;4730
"352420 Jaborandi";-;42;40;24;10;-;30;41;35;41;37;14;18;6;39;24;39;30;34;41;33;30;36;9;58;33;31;37;-;-;-;37;26;28;12;10;925
"352430 Jaboticabal";369;434;364;328;404;506;296;385;395;357;488;295;258;365;466;358;359;390;275;266;187;187;176;280;223;286;350;242;350;284;345;286;241;296;246;282;11619
"352440 Jacareí";567;512;729;723;563;863;636;530;809;541;516;495;440;120;287;79;157;616;412;454;751;569;644;635;430;503;513;537;585;464;642;392;573;422;565;489;18763
"352450 Jaci";224;338;320;165;313;298;325;258;264;261;269;256;262;266;194;200;127;200;269;269;269;269;269;269;269;269;269;269;269;269;269;269;269;269;269;269;9382
"352470 Jaguariúna";198;311;217;-;386;397;403;242;250;323;400;377;397;315;397;177;324;258;176;278;225;193;239;220;239;374;309;63;88;173;93;218;180;307;200;197;9144
"352480 Jales";320;201;359;323;338;3;159;7;2;16;7;11;3;7;3;3;1;1;3;18;2;4;4;10;3;-;180;347;344;357;304;338;330;277;326;249;4860
"352500 Jandira";1244;1252;1241;1245;1251;1251;1255;1254;1257;187;1241;1247;1252;1246;538;806;753;878;797;949;785;770;837;703;575;992;587;746;850;999;933;865;48;717;1066;1005;33622
"352510 Jardinópolis";171;136;171;157;171;164;-;-;171;171;307;196;234;155;250;185;221;82;230;125;-;-;30;61;-;111;116;86;-;189;226;295;234;310;278;310;5543
"352520 Jarinu";50;50;23;-;-;50;50;50;50;50;50;50;50;50;50;50;46;50;50;42;50;50;50;50;50;50;50;50;50;50;50;50;37;37;37;37;1609
"352530 Jaú";917;1076;1082;1117;1094;1102;1085;1098;967;1092;1090;1099;981;1080;1083;1093;1092;1087;1110;1113;899;1107;752;728;721;726;735;740;704;704;704;704;704;704;704;704;33498
"352550 Joanópolis";-;-;100;93;90;88;88;88;88;88;71;88;88;88;88;88;88;80;72;88;57;57;87;88;80;88;88;88;88;59;88;88;66;66;66;66;2782
"352570 José Bonifácio";200;200;200;200;200;200;200;249;84;84;154;84;84;84;352;90;352;352;352;352;352;328;319;352;260;329;317;319;305;343;339;343;352;329;296;352;9308
"352585 Jumirim";-;-;-;-;-;-;2;-;-;-;-;-;-;-;-;-;-;-;-;-;2;-;1;1;-;2;6;5;-;-;-;1;1;1;-;-;22
"352590 Jundiaí";2203;1991;2464;2080;2188;1649;2586;1505;2188;1867;2123;1702;1991;1357;1828;2446;2394;1631;2226;1740;1681;1675;1154;1567;1183;1769;1907;2369;1933;1365;1920;2352;1066;332;444;415;63291
"352600 Junqueirópolis";-;-;-;-;-;-;-;-;-;-;-;-;-;-;119;119;94;99;148;73;132;54;157;147;149;114;171;171;160;169;176;135;168;176;160;176;3067
"352620 Juquitiba";131;138;110;110;176;152;80;152;148;231;169;154;76;192;174;181;166;167;185;144;144;130;115;162;7;202;120;171;121;129;138;85;112;86;41;76;4875
"352630 Lagoinha";152;159;147;187;174;158;160;158;155;157;140;157;153;149;143;128;152;103;109;111;134;145;140;140;140;107;81;66;75;82;86;88;91;79;80;69;4555
"352640 Laranjal Paulista";58;87;84;75;-;79;11;59;82;70;77;86;91;99;63;68;73;84;24;54;80;77;90;97;113;109;114;106;106;55;39;106;110;97;136;134;2893
"352650 Lavínia";-;-;-;-;-;-;-;-;-;-;-;-;-;-;-;-;-;-;-;-;-;-;-;-;-;-;-;-;-;-;-;-;7;-;4;15;26
"352670 Leme";352;201;276;305;277;340;336;346;339;251;350;301;241;321;258;333;295;266;287;272;330;279;353;201;353;157;241;341;278;334;272;327;365;371;378;432;10959
"352680 Lençóis Paulista";194;413;518;391;436;553;213;561;374;404;397;405;226;358;441;264;409;366;504;468;355;357;363;433;165;344;474;345;418;484;245;377;382;380;370;370;13757
"352690 Limeira";405;1029;1192;1248;1066;1227;1064;1434;1248;1150;1508;1419;1015;1312;1284;1386;1261;1367;1506;1332;1428;1088;964;1127;756;1085;1022;1035;845;1040;982;1048;1309;795;747;1063;40787
"352700 Lindóia";28;20;20;51;33;3;36;23;30;30;31;31;30;31;33;37;15;24;12;29;25;24;11;27;19;14;21;18;-;17;8;13;31;26;35;37;873
"352710 Lins";46;7;65;39;78;48;64;90;-;20;-;288;32;32;32;32;-;-;17;64;68;51;75;38;-;-;34;-;30;34;85;34;528;255;17;466;2669
"352720 Lorena";328;337;352;352;367;57;506;393;447;547;434;349;572;439;265;352;595;410;431;259;481;398;361;323;352;107;617;230;492;280;318;325;493;785;358;149;13861
"352725 Lourdes";1;1;-;4;-;1;1;-;2;-;-;-;-;-;1;-;-;-;16;1;70;70;64;70;108;47;75;79;98;59;88;80;99;57;65;65;1222
"352730 Louveira";-;-;-;100;100;100;100;100;100;100;100;100;100;100;100;100;100;100;100;100;100;100;100;100;100;100;100;100;100;100;100;100;100;100;100;100;3300
"352760 Luís Antônio";77;77;77;77;77;77;77;59;71;50;60;36;54;69;109;79;72;40;53;58;69;96;67;49;85;109;81;92;136;149;157;187;94;77;106;65;2968
"352800 Macatuba";52;105;103;101;103;105;109;106;147;140;104;143;61;141;129;158;123;147;67;158;151;162;153;148;33;164;115;154;155;148;130;143;127;136;141;151;4513
"352810 Macaubal";-;-;-;-;-;-;-;-;-;-;-;-;-;-;-;-;5;-;-;-;-;-;-;-;-;-;-;-;-;-;-;-;-;-;-;-;5
"352840 Mairinque";178;232;243;232;112;129;186;303;318;210;224;200;197;174;218;100;155;123;23;161;161;126;164;204;153;169;224;201;218;71;36;179;205;138;191;235;6393
"352850 Mairiporã";147;495;546;702;564;650;599;533;557;666;490;565;345;671;462;757;529;521;642;562;705;467;543;412;357;597;523;702;497;741;556;684;694;1039;745;562;20827
"352880 Maracaí";120;120;120;120;120;120;120;120;120;120;120;120;120;120;173;196;208;162;177;81;214;229;172;200;112;226;40;40;40;40;40;40;40;40;40;40;4230
"352885 Marapoama";-;-;-;-;-;-;-;1;1;1;1;1;2;1;1;1;1;1;1;1;1;1;1;1;1;1;2;2;2;2;2;2;2;2;2;2;40
"352900 Marília";1054;1393;1776;1523;1810;1617;1115;1626;1404;1584;1604;1405;1030;1634;1475;1228;1776;1448;1067;1629;1328;1467;1365;1444;1062;1338;1698;1630;1778;1534;1276;1672;1711;1465;1555;1319;52840
"352910 Marinópolis";1;1;6;1;-;-;1;-;1;-;-;-;-;-;-;-;-;-;-;-;-;-;-;-;-;-;-;-;9;16;15;23;20;15;-;-;109
"352920 Martinópolis";63;90;24;90;90;90;63;90;90;74;90;90;90;100;185;165;220;174;218;238;267;227;228;207;217;208;234;216;180;302;235;317;281;290;246;255;6244
"352930 Matão";40;40;36;29;40;32;35;36;40;28;35;40;13;40;73;140;116;148;184;164;237;194;168;126;342;213;362;367;204;203;232;229;245;274;256;271;5232
"352940 Mauá";1150;1071;1426;1168;1184;1382;1252;1141;1654;999;1247;1052;1084;883;1209;875;1000;942;1145;1187;933;1465;1403;1106;684;575;754;656;852;1259;1350;1516;1567;1619;1371;1316;41477
"352960 Meridiano";-;-;-;-;7;4;4;-;4;-;4;-;-;-;-;-;-;-;-;-;-;-;-;-;-;-;-;-;-;-;-;-;-;-;-;-;23
"352965 Mesópolis";-;-;-;-;-;-;-;-;50;-;50;50;50;60;50;57;56;54;54;57;13;16;15;17;16;15;21;16;16;17;17;23;30;22;51;22;915
"352970 Miguelópolis";65;67;67;68;68;68;67;67;68;68;67;66;66;66;69;76;70;72;72;72;72;238;212;84;40;35;35;41;170;312;330;368;368;336;338;343;4691
"352990 Miracatu";-;150;123;103;130;103;-;102;90;97;103;100;103;95;100;270;332;296;36;306;211;316;294;326;143;282;375;252;49;353;-;395;69;58;314;28;6104
"353010 Mirandópolis";20;74;120;128;90;86;88;88;50;-;52;88;14;58;88;88;86;123;102;91;95;-;58;120;2;63;133;188;135;213;128;101;201;204;124;66;3365
"353020 Mirante do Paranapanema";100;100;100;-;100;99;100;100;95;100;97;100;100;100;120;140;140;127;140;140;135;123;139;140;137;140;140;140;136;139;126;139;140;140;127;138;4277
"353030 Mirassol";156;200;200;200;200;205;294;295;295;290;250;290;251;252;279;317;342;303;290;353;253;303;280;340;147;193;275;164;180;176;176;177;191;192;279;288;8876
"353050 Mococa";340;427;496;399;604;512;372;592;530;632;469;583;360;633;463;589;465;554;363;560;371;502;588;630;233;436;466;463;428;451;366;547;356;477;363;500;17120
"353060 Mogi das Cruzes";869;1079;797;1242;992;1045;766;990;830;755;757;499;616;753;639;746;877;860;935;765;438;1830;1048;901;546;979;946;893;1079;1132;1254;1246;1267;1331;1413;1102;34217
"353070 Mogi Guaçu";744;935;790;719;901;928;878;844;907;672;842;762;548;808;482;819;-;793;202;185;61;729;116;316;196;201;245;256;229;242;242;237;196;232;240;233;17730
"353080 Mogi Mirim";220;262;337;313;346;374;188;361;319;314;331;382;439;442;354;470;411;462;457;480;467;539;264;325;301;192;198;367;263;299;283;716;218;386;323;329;12732
"353110 Mongaguá";152;190;169;265;243;202;224;217;258;266;-;191;120;285;142;237;220;169;225;259;69;267;319;320;320;202;294;229;212;315;319;330;210;318;252;207;8217
"353120 Monte Alegre do Sul";40;40;40;40;40;40;40;40;40;40;40;40;55;55;78;65;63;43;82;67;66;50;68;59;45;50;20;53;52;-;38;20;-;-;36;32;1577
"353130 Monte Alto";138;124;222;206;226;72;103;322;133;190;142;150;153;118;108;127;160;162;222;162;162;229;197;166;180;157;211;192;347;175;212;197;9;341;155;125;6295
"353140 Monte Aprazível";8;21;12;17;10;-;11;9;29;6;5;36;21;3;6;-;-;9;11;15;16;22;26;7;16;-;10;21;24;16;10;14;4;3;6;7;431
"353150 Monte Azul Paulista";72;104;93;72;57;61;68;73;17;28;36;-;-;68;61;81;96;41;78;107;63;78;76;64;-;-;34;67;45;77;77;57;-;-;-;-;1851
"353180 Monte Mor";102;269;726;308;344;418;327;384;320;423;338;409;335;344;604;496;682;580;523;629;634;387;584;549;251;285;397;145;197;183;54;241;198;258;223;188;13335
"353190 Morro Agudo";-;-;-;-;-;-;-;-;-;-;-;-;-;-;-;-;150;110;110;177;122;103;122;135;137;114;184;119;242;114;114;-;173;-;11;32;2269
"353200 Morungaba";102;100;126;107;110;126;60;123;-;93;99;99;104;43;123;96;99;104;79;125;92;110;-;106;42;50;50;97;123;117;48;126;126;48;80;126;3259
"353215 Nantes";5;5;5;5;5;5;-;-;-;-;5;5;15;-;-;-;-;5;5;4;5;-;5;5;5;5;6;5;5;6;10;7;7;7;-;4;151
"353230 Natividade da Serra";38;33;-;-;88;98;68;101;100;80;91;89;118;79;83;76;74;85;51;81;48;72;74;57;47;46;-;-;-;-;-;-;-;-;-;-;1777
"353240 Nazaré Paulista";-;35;65;28;-;108;71;60;15;15;15;15;-;15;-;107;107;60;123;158;50;60;45;88;88;88;82;-;88;88;-;88;-;-;-;-;1762
"353260 Nhandeara";136;161;162;154;155;87;126;132;144;118;118;118;153;153;127;199;150;102;171;148;163;159;167;159;164;154;177;211;151;185;198;197;118;93;185;155;5450
"353270 Nipoã";-;-;-;-;-;2;2;3;-;-;6;-;-;-;-;-;-;-;-;-;-;-;-;-;-;-;-;-;-;-;-;-;-;-;-;-;13
"353282 Nova Campina";40;40;40;40;40;40;40;40;40;40;40;40;40;40;40;80;80;60;63;80;60;66;51;55;61;66;58;87;87;96;57;71;80;80;80;80;2098
"353300 Nova Granada";158;158;132;149;158;158;158;150;150;152;159;153;150;151;176;256;239;206;262;262;291;296;221;185;134;226;252;266;179;210;183;255;304;290;256;252;7337
"353320 Nova Independência";3;-;3;2;3;2;4;3;10;6;5;7;-;-;-;-;-;9;3;6;4;-;-;2;1;2;1;3;2;5;6;5;4;-;2;3;106
"353340 Nova Odessa";121;121;60;311;163;311;1;1;9;9;5;4;3;1;1;4;9;11;10;10;14;368;161;153;142;142;142;142;142;142;140;149;146;145;144;141;3578
"353325 Novais";-;-;-;-;-;-;-;-;-;-;-;-;-;-;-;-;-;-;-;1;-;-;-;-;-;-;-;-;-;-;-;-;-;-;-;-;1
"353350 Novo Horizonte";50;50;50;50;50;50;50;50;50;50;50;50;50;50;-;65;70;70;70;70;70;70;70;70;70;70;70;70;70;70;70;70;70;70;70;70;2165
"353360 Nuporanga";-;-;-;-;-;-;-;-;-;-;-;-;-;-;-;-;-;-;-;-;-;64;44;63;35;70;46;47;59;49;39;53;-;-;35;56;660
"353390 Olímpia";340;74;358;239;195;10;4;4;94;202;229;236;313;185;170;180;243;205;225;295;284;235;195;112;232;306;219;237;243;129;371;269;186;184;179;225;7407
"353400 Onda Verde";6;3;4;-;7;8;9;25;25;13;36;28;2;-;9;10;4;5;17;8;9;12;5;2;-;-;5;8;9;9;8;-;5;3;-;5;299
"353410 Oriente";-;-;-;24;40;68;24;50;68;47;41;40;47;64;68;46;38;52;34;62;80;38;67;68;28;35;54;73;70;82;21;67;66;64;73;50;1749
"353430 Orlândia";-;-;-;-;-;-;-;-;-;-;-;-;-;-;-;-;-;-;-;-;300;299;246;300;195;322;309;310;292;273;303;296;527;295;248;356;4871
"353440 Osasco";2533;2838;1299;4520;2724;842;2722;3746;2174;1993;3575;3762;3550;3380;3553;3599;3648;3759;3487;4018;4047;3408;3735;4444;2487;4003;4029;4445;4259;4070;2697;3718;3263;760;3215;3406;117708
"353450 Oscar Bressane";3;3;3;3;4;5;-;-;-;-;-;-;-;-;-;-;-;49;-;-;23;72;63;22;10;-;-;-;-;-;-;-;-;-;-;-;260
"353460 Osvaldo Cruz";55;142;116;120;153;131;118;66;134;89;152;110;65;114;107;83;145;98;72;59;126;85;121;108;59;166;109;116;136;117;140;82;131;137;158;167;4087
"353470 Ourinhos";77;385;198;322;531;532;497;429;581;481;430;307;384;607;502;705;560;773;362;517;448;685;322;129;650;482;483;455;354;322;350;351;315;386;390;174;15476
"353475 Ouroeste";15;15;15;15;15;15;15;15;15;15;15;15;15;-;-;33;15;15;13;18;18;-;-;-;-;-;23;15;15;22;22;8;16;12;12;12;464
"353490 Pacaembu";50;100;89;105;116;97;113;61;115;95;105;90;73;114;73;128;114;65;127;28;142;107;111;113;33;72;192;118;207;185;190;152;221;188;149;178;4216
"353530 Palmital";330;254;156;349;323;279;328;352;309;282;278;324;122;310;257;315;268;149;314;327;351;316;235;376;183;253;327;242;314;481;317;378;463;391;289;370;10912
"353540 Panorama";39;43;-;27;-;-;16;-;-;-;-;-;38;32;36;-;52;27;37;21;36;47;50;25;30;3;37;18;42;59;44;35;46;50;101;61;1052
"353550 Paraguaçu Paulista";299;503;407;413;539;534;345;507;511;421;437;370;382;352;398;450;492;422;379;523;454;468;356;510;487;402;455;215;409;381;505;456;474;513;414;412;15595
"353570 Paraíso";98;92;97;102;98;23;113;5;6;21;20;18;-;32;14;22;19;17;21;12;9;5;11;3;-;3;4;70;5;6;2;1;2;1;-;3;955
"353580 Paranapanema";35;32;35;35;35;35;35;35;35;35;35;35;35;35;67;40;63;39;61;91;41;93;59;20;68;41;64;57;61;181;57;68;65;40;81;-;1844
"353650 Paulínia";825;820;830;895;617;814;842;943;675;706;1080;1303;1079;1300;1627;1421;1576;1462;1235;1627;976;1459;1698;1110;1460;1355;1405;1186;1226;1210;1194;1480;1333;1443;1256;1008;42476
"353670 Pederneiras";-;-;-;-;-;-;-;-;-;-;-;-;-;-;-;-;-;67;67;-;-;-;-;-;-;-;51;50;-;-;-;-;22;52;90;60;459
"353700 Pedregulho";25;-;-;-;-;11;12;11;-;-;-;-;-;-;-;-;-;-;-;-;-;-;-;-;-;-;-;-;-;-;-;-;-;-;-;-;59
"353710 Pedreira";135;135;135;135;135;135;135;130;69;135;26;135;135;135;181;128;113;181;76;267;161;181;132;98;188;161;119;211;164;94;65;55;37;77;-;125;4524
"353720 Pedro de Toledo";43;47;64;65;70;152;80;85;75;78;61;100;39;89;105;48;98;109;33;46;56;64;87;31;20;43;42;60;42;68;25;83;63;65;59;49;2344
"353730 Penápolis";403;470;440;587;460;423;620;397;567;533;556;609;454;634;300;583;424;540;549;379;738;552;314;548;550;534;749;609;641;631;-;481;532;526;605;561;18499
"353740 Pereira Barreto";21;35;30;-;-;-;-;-;-;-;-;-;-;-;14;103;115;71;91;128;110;133;99;86;99;124;142;138;130;103;114;88;111;120;69;86;2360
"353760 Peruíbe";159;209;355;247;361;361;368;227;180;183;220;192;136;129;214;80;49;195;311;208;279;182;220;274;164;140;256;84;309;55;80;82;20;19;49;27;6624
"353770 Piacatu";-;-;-;-;-;-;-;-;-;-;-;-;-;-;-;-;10;10;34;25;41;28;26;26;21;35;28;54;45;43;-;40;75;55;71;66;733
"353780 Piedade";276;276;276;276;276;276;276;276;276;276;276;276;276;276;430;450;492;469;469;500;507;530;546;559;576;591;611;352;352;352;312;330;352;352;352;352;13700
"353790 Pilar do Sul";2;115;115;115;115;115;115;115;115;115;115;115;115;115;115;115;63;115;115;102;112;114;115;115;115;115;115;115;115;115;115;115;115;115;115;115;3958
"353800 Pindamonhangaba";329;455;358;432;529;622;419;660;243;508;300;325;41;385;317;314;364;341;240;259;-;-;272;-;-;350;338;356;-;-;-;-;-;-;-;200;8957
"353810 Pindorama";20;20;20;20;20;20;20;20;20;20;20;20;20;20;146;139;119;143;133;117;154;121;152;179;96;165;171;203;228;171;145;209;198;203;173;194;3839
"353820 Pinhalzinho";-;-;-;22;25;22;25;25;25;25;25;25;25;25;25;33;24;30;44;23;23;22;23;21;23;34;61;42;47;45;46;44;65;60;45;23;1072
"353850 Piquete";207;201;219;219;238;172;224;219;172;205;178;221;220;220;226;221;221;227;194;235;202;244;215;208;129;215;216;226;202;260;227;230;241;140;143;141;7478
"353860 Piracaia";110;110;110;110;110;110;110;110;110;110;110;110;143;143;143;143;143;143;143;143;143;143;143;143;143;143;143;143;143;143;143;143;143;143;156;145;4767
"353870 Piracicaba";1080;709;1040;1093;841;1016;1096;958;1115;320;726;722;789;320;320;320;320;320;-;320;320;320;320;320;320;320;320;320;320;320;-;320;320;320;320;720;18625
"353880 Piraju";88;88;88;88;100;100;100;100;100;100;104;100;100;100;176;176;176;264;264;215;270;251;239;265;116;240;226;208;264;258;216;264;266;334;289;314;6647
"353890 Pirajuí";-;-;-;-;-;-;-;-;-;-;-;-;-;-;-;84;128;81;108;147;93;-;-;133;102;101;80;109;86;148;-;-;-;-;-;-;1400
"353910 Pirapora do Bom Jesus";-;-;-;-;-;-;-;-;-;-;-;-;-;-;-;-;-;9;21;13;15;23;21;24;41;59;74;69;24;26;51;39;65;54;54;46;728
"353920 Pirapozinho";260;260;260;260;260;258;258;258;258;258;258;258;258;258;242;354;281;216;143;292;220;254;261;269;2;195;116;169;109;92;55;80;130;98;140;77;7417
"353930 Pirassununga";18;18;60;60;44;12;5;3;5;4;18;10;-;-;22;22;17;11;8;7;21;19;12;7;-;6;5;8;11;11;18;15;18;12;13;11;531
"353950 Pitangueiras";127;54;94;103;127;217;216;217;214;217;128;217;213;155;223;132;130;139;175;212;90;120;197;140;200;205;106;88;132;147;93;105;50;108;230;230;5551
"353980 Poá";590;590;590;590;590;590;590;590;590;590;590;590;590;590;300;520;592;414;326;615;435;444;517;643;643;498;684;655;584;631;434;636;651;588;521;561;20152
"354000 Pompéia";118;6;11;139;99;296;318;293;367;203;247;225;418;289;304;237;337;291;266;435;385;402;301;295;202;96;95;222;252;265;195;259;325;249;223;205;8870
"354020 Pontal";178;161;211;168;132;81;-;-;-;90;139;184;-;120;126;170;220;190;154;161;148;113;-;98;98;60;85;79;78;161;135;97;104;120;153;101;4115
"354030 Pontes Gestal";-;-;-;-;-;-;-;-;11;11;9;12;5;5;7;-;13;8;-;6;11;1;10;-;6;8;8;-;-;6;4;-;23;10;1;13;188
"354060 Porto Feliz";523;574;-;-;-;-;-;-;-;-;-;-;-;-;-;-;-;-;-;-;-;-;-;-;-;-;-;666;577;575;473;527;607;662;538;623;6345
"354070 Porto Ferreira";120;120;120;120;120;120;111;29;120;120;56;96;76;120;219;229;-;233;264;242;215;205;-;-;144;254;176;176;114;176;175;176;176;176;176;176;5150
"354075 Potim";48;48;44;46;45;48;48;48;50;48;48;45;48;45;46;45;-;48;48;45;45;48;108;150;160;162;138;180;193;263;258;-;-;-;-;-;2596
"354080 Potirendaba";-;-;-;13;23;27;4;107;118;18;22;18;-;12;14;5;8;10;6;19;16;16;22;10;-;-;-;-;-;-;7;18;42;36;28;42;661
"354085 Pracinha";5;5;6;8;5;7;4;2;4;6;5;6;5;3;4;5;4;4;5;4;4;5;4;4;5;4;5;6;6;5;4;6;5;6;5;4;175
"354090 Pradópolis";58;89;110;124;113;118;76;113;98;93;104;78;2;1;3;4;1;2;3;1;1;2;3;5;7;14;8;11;-;-;-;-;-;-;-;-;1242
"354100 Praia Grande";982;1337;968;1543;1309;1456;1223;1232;1350;1355;1355;915;1528;1221;1068;1199;1156;1610;1306;1248;709;1004;1102;1221;889;638;1176;915;1093;789;888;1111;1013;944;992;943;40788
"354120 Presidente Bernardes";58;150;150;150;150;150;150;150;150;120;73;63;63;150;150;137;150;66;150;150;42;150;-;128;150;150;150;150;150;150;150;150;150;150;150;150;4650
"354130 Presidente Epitácio";94;100;100;100;100;100;100;100;100;100;93;100;100;94;273;143;257;192;251;250;152;186;184;203;91;149;210;238;202;209;235;207;229;167;165;220;5794
"354140 Presidente Prudente";1085;1172;1687;1447;1468;1814;1255;1592;1197;1313;1308;879;1043;1200;1547;1309;1473;1229;1300;1559;1029;811;1655;874;1256;1285;1802;1501;1605;1422;1253;1481;1358;1588;1334;1370;48501
"354150 Presidente Venceslau";431;430;464;508;508;530;10;538;556;515;540;547;443;394;180;307;337;333;333;360;330;402;373;416;258;258;277;270;299;320;280;268;238;250;250;189;12942
"354160 Promissão";-;-;-;-;-;-;-;-;-;-;-;-;-;-;92;215;191;241;220;224;237;207;182;180;174;210;194;236;169;219;189;186;55;68;207;220;4116
"354170 Quatá";-;-;-;-;-;-;-;-;-;-;-;-;-;-;-;-;14;15;31;28;28;21;23;19;15;22;14;28;23;18;10;18;34;13;17;35;426
"354190 Queluz";70;86;96;90;91;90;90;90;93;89;96;92;63;-;92;-;91;132;105;93;123;183;175;178;168;-;-;-;-;-;-;-;-;-;-;-;2476
"354200 Quintana";60;50;63;35;35;35;35;35;35;35;35;35;35;35;35;35;35;65;60;70;65;51;51;70;19;82;59;56;69;43;59;80;59;47;88;90;1846
"354220 Rancharia";-;8;110;110;84;102;77;109;118;80;74;70;101;108;106;117;6;10;-;10;10;10;10;-;-;-;10;-;10;10;5;10;10;10;10;10;1515
"354230 Redenção da Serra";29;30;51;30;15;48;17;22;55;45;49;43;45;52;60;60;36;84;60;60;54;30;35;35;35;35;35;52;52;51;37;52;54;58;43;43;1592
"354240 Regente Feijó";194;194;194;194;194;194;194;194;194;194;194;194;194;194;54;173;191;129;154;153;145;161;133;122;97;38;156;171;162;184;138;127;193;144;154;85;5780
"354260 Registro";878;1165;1177;1117;1167;1150;292;340;340;340;344;344;344;344;344;344;2233;1072;952;1309;1234;1078;916;897;871;1022;1453;1343;1065;1111;1103;1212;963;784;687;700;32035
"354270 Restinga";25;27;27;25;28;24;24;25;24;24;-;24;26;24;25;25;24;25;24;24;23;24;25;24;22;22;27;35;29;40;28;25;38;42;48;32;958
"354300 Ribeirão Branco";111;82;105;109;115;93;93;77;59;148;84;103;97;100;93;126;99;123;130;85;87;153;70;70;70;61;70;70;70;70;70;70;70;70;70;70;3243
"354310 Ribeirão Corrente";-;-;-;15;16;15;17;16;16;105;108;108;105;105;105;105;108;110;110;116;118;118;116;112;158;69;137;159;100;105;62;72;220;97;165;178;3266
"354320 Ribeirão do Sul";-;-;-;-;-;-;-;-;-;-;-;-;-;-;85;99;105;171;171;176;176;176;175;176;176;176;203;211;211;211;211;211;211;211;205;211;3958
"354330 Ribeirão Pires";409;308;191;454;448;462;498;451;523;572;522;329;458;562;236;231;604;603;623;809;699;612;700;791;290;776;647;781;779;1050;579;1087;1060;882;629;731;21386
"354340 Ribeirão Preto";2266;2206;3033;3336;2994;3124;2949;3126;3378;3244;2595;2926;2340;2203;2572;3640;3140;2902;1344;4279;3595;3166;2933;3499;1989;2574;2789;3345;2720;2749;2824;2656;2966;2657;2673;2869;103601
"354380 Rinópolis";-;-;4;3;6;5;2;-;-;-;-;-;-;-;-;2;-;8;3;8;3;12;8;5;-;9;23;9;15;10;9;72;9;5;10;5;245
"354390 Rio Claro";1062;1120;983;1102;944;1063;571;1207;886;1068;909;1145;438;405;984;973;1041;956;1054;575;430;1248;899;994;1018;838;838;926;917;950;1029;1157;1219;1192;947;993;34081
"354400 Rio das Pedras";267;267;267;267;267;267;120;178;216;215;267;267;267;267;267;140;140;140;140;140;140;99;29;107;140;140;140;140;140;140;140;140;140;140;140;140;6421
"354410 Rio Grande da Serra";203;169;-;224;173;168;217;258;186;205;211;213;199;248;61;-;206;303;282;274;81;-;-;-;-;174;250;130;77;96;115;170;192;149;103;180;5517
"354500 Salesópolis";85;85;85;85;85;78;85;85;85;85;85;85;85;85;144;109;180;121;91;71;68;110;71;135;120;113;68;133;89;97;125;130;132;71;106;118;3585
"354515 Saltinho";-;-;-;-;-;-;-;-;-;-;-;-;-;-;-;70;108;74;45;136;73;73;114;89;112;106;119;62;146;81;147;131;135;150;177;195;2343
"354520 Salto";379;497;464;285;426;504;-;490;400;554;606;628;615;584;396;450;423;450;450;450;567;672;372;436;345;390;300;363;238;351;322;462;365;405;393;433;15465
"354530 Salto de Pirapora";201;201;201;201;201;201;201;201;201;201;201;201;201;201;201;201;422;344;460;392;530;281;281;281;281;281;422;422;422;374;416;359;335;402;314;408;10643
"354540 Salto Grande";13;13;13;13;13;13;13;13;13;13;13;13;13;13;25;27;47;27;22;33;47;31;36;50;46;50;46;43;14;54;54;49;52;49;48;63;1095
"354580 Santa Bárbara d'Oeste";725;553;730;654;556;524;846;757;875;906;802;285;803;542;428;271;1046;763;887;797;420;218;59;59;148;118;241;282;247;230;250;268;59;60;59;117;16585
"354600 Santa Branca";126;134;138;140;145;144;145;148;156;164;172;172;140;134;140;140;140;221;172;194;140;140;-;-;178;181;182;184;180;179;176;179;179;181;184;184;5512
"354610 Santa Clara d'Oeste";-;-;-;-;-;-;-;-;-;-;-;-;-;-;-;-;-;-;-;-;-;2;2;2;2;1;1;2;2;2;2;2;2;2;-;2;26
"354630 Santa Cruz das Palmeiras";199;98;175;241;91;80;159;166;185;183;102;363;170;146;109;225;147;239;93;201;82;245;209;101;89;161;149;138;114;196;126;204;187;159;79;110;5721
"354640 Santa Cruz do Rio Pardo";175;175;175;175;175;173;173;173;173;173;173;173;173;173;181;200;207;214;218;209;217;230;237;241;241;245;222;190;199;187;181;174;167;159;165;159;6875
"354660 Santa Fé do Sul";84;136;247;269;199;257;90;168;173;174;137;197;94;291;185;265;326;294;203;309;362;302;245;299;133;278;252;286;257;189;104;292;323;238;284;224;8166
"354670 Santa Gertrudes";121;121;121;104;70;-;63;121;68;107;88;118;98;118;25;25;25;25;-;176;-;55;89;71;84;85;45;-;-;10;79;96;97;119;96;89;2609
"354680 Santa Isabel";225;229;250;164;168;-;360;364;388;295;346;261;353;226;362;151;201;270;285;347;273;304;342;318;380;263;110;208;407;335;312;409;351;383;324;229;10193
"354750 Santa Rita do Passa Quatro";133;136;135;140;140;135;136;140;137;140;140;134;140;137;352;277;352;352;307;151;352;351;351;352;352;352;352;352;352;352;352;352;340;389;418;372;9455
"354760 Santa Rosa de Viterbo";110;110;110;110;110;165;165;165;165;165;165;165;52;165;176;257;227;213;293;256;239;254;259;210;263;175;222;224;197;150;244;189;228;216;173;179;6766
"354765 Santa Salete";-;-;-;-;-;30;30;30;30;1;30;30;3;1;3;30;30;32;30;34;38;32;30;30;32;22;32;20;34;30;32;30;32;7;30;30;805
"354730 Santana de Parnaíba";281;344;357;332;176;324;336;339;359;328;333;307;313;333;208;484;584;465;448;586;448;530;355;464;533;381;545;457;502;580;646;538;615;695;580;781;15887
"354770 Santo Anastácio";-;-;-;-;-;-;-;73;66;-;-;-;37;-;156;120;102;102;106;116;116;-;167;12;27;30;22;-;34;23;39;179;23;-;23;65;1638
"354780 Santo André";3460;2839;3945;4272;3975;3651;3707;3912;4067;3113;3940;4105;3438;4128;3141;3118;3989;3437;3372;3183;2855;3601;2875;4389;2790;3453;3142;3798;3528;3673;3434;3047;3743;3700;3183;2981;126984
"354790 Santo Antônio da Alegria";20;29;44;50;43;47;53;28;52;60;54;28;36;29;74;48;38;39;-;39;44;76;43;44;44;44;57;56;79;30;46;33;-;57;58;49;1571
"354800 Santo Antônio de Posse";55;55;55;-;-;-;-;-;55;55;-;-;55;55;148;180;142;180;88;130;211;161;172;61;138;198;162;148;180;221;133;152;-;-;-;104;3294
"354810 Santo Antônio do Jardim";94;88;94;94;94;94;94;94;94;94;94;94;94;94;81;81;81;33;81;81;80;80;80;80;80;119;123;121;124;121;121;145;137;151;176;176;3662
"354820 Santo Antônio do Pinhal";-;-;-;6;-;27;20;26;37;26;24;50;22;21;23;22;20;27;19;20;14;21;12;23;22;20;19;24;30;35;30;26;19;21;26;22;754
"354850 Santos";5816;6612;6472;6430;6583;6906;3701;7088;5942;7472;6831;4340;6312;7316;6709;6756;7057;6099;7630;6917;5730;5218;5491;4821;3273;4063;4484;4209;5833;5716;5365;5642;6222;5514;4793;6935;212298
"354860 São Bento do Sapucaí";54;54;54;54;54;88;88;88;88;88;88;88;88;88;173;173;88;173;-;-;137;129;111;111;129;152;152;146;84;80;84;84;84;91;84;85;3412
"354870 São Bernardo do Campo";2598;2721;3125;3383;3148;3267;3120;3549;3624;3313;3158;3255;3936;4083;3206;3922;4025;4124;4517;3986;4948;4548;4169;4768;5176;5167;4728;5212;4508;4794;5365;5356;5954;5314;5395;5692;151154
"354880 São Caetano do Sul";496;652;393;492;688;676;657;844;693;863;801;1807;452;44;869;600;936;934;962;1009;941;935;1182;938;1240;1136;1485;891;1367;1501;1286;1360;1478;1383;895;1113;33999
"354890 São Carlos";318;479;795;736;850;876;957;1008;907;829;663;950;509;699;989;954;1061;838;882;993;827;944;660;347;459;413;469;185;203;599;233;384;589;609;509;436;24159
"354900 São Francisco";-;-;-;-;-;-;-;-;-;-;-;-;-;-;-;-;-;-;-;-;-;-;-;-;-;-;-;-;-;-;-;-;24;13;6;6;49
"354910 São João da Boa Vista";122;387;330;441;454;375;249;386;432;432;368;150;192;309;272;444;459;407;328;435;488;430;337;251;267;317;391;380;516;463;381;554;167;561;397;305;13177
"354940 São Joaquim da Barra";-;308;274;187;440;244;173;297;198;106;-;-;-;-;-;-;-;-;-;-;-;-;188;174;92;352;281;352;348;338;321;364;434;267;404;404;6546
"354970 São José do Rio Pardo";190;192;220;280;238;206;188;205;228;201;192;171;86;209;250;159;173;176;116;156;193;203;144;165;115;84;176;241;210;138;57;186;120;165;203;96;6332
"354980 São José do Rio Preto";3737;4717;4725;5455;5253;5288;4979;5582;5031;5546;5198;4727;4412;4919;4931;5189;4325;4507;4358;4751;4757;5004;4693;5394;3246;5150;3832;4768;3703;3259;3811;3604;4948;3151;2842;3458;163250
"354990 São José dos Campos";2011;2279;3354;2596;2647;3037;2610;2838;2737;2820;2430;2626;2416;2786;2798;2268;2760;2827;2662;2287;2928;2805;2736;1951;3021;2064;2036;2249;1990;1942;1791;2243;1975;1947;2177;2060;88704
"354995 São Lourenço da Serra";-;76;76;76;67;76;76;76;76;75;77;76;76;103;16;99;114;72;108;55;105;85;109;120;99;62;27;79;52;116;97;108;103;87;97;109;2925
"355000 São Luís do Paraitinga";92;114;84;93;144;154;141;-;1;113;27;2;35;73;12;87;74;63;35;-;91;84;99;63;93;80;124;22;70;1;-;1;11;89;63;51;2286
"355010 São Manuel";352;314;299;307;274;347;319;315;339;283;334;182;104;334;245;295;225;355;288;320;265;294;265;129;108;348;235;105;-;-;-;-;-;-;-;-;7580
"355020 São Miguel Arcanjo";169;169;169;169;169;169;169;169;169;169;169;169;169;169;169;169;169;183;179;179;198;169;105;105;105;105;105;105;105;105;-;-;105;261;289;306;5582
"355030 São Paulo";40562;41623;76661;50827;48888;47351;47904;55652;52472;48618;43127;48417;35166;44021;44428;51204;44978;45679;46421;49630;48779;47137;32496;49903;33517;39228;48815;51544;45973;48958;46849;48493;52758;49498;43578;56750;1707905
"355050 São Pedro do Turvo";64;64;64;64;64;64;64;64;64;64;64;64;64;64;68;80;74;72;79;184;147;178;191;197;191;201;200;212;227;235;244;244;253;258;240;245;4916
"355060 São Roque";169;522;676;618;686;698;392;578;476;449;557;395;436;532;490;447;407;547;371;513;494;525;535;462;453;356;529;496;511;607;565;631;398;457;298;338;17614
"355070 São Sebastião";17;476;990;544;533;715;734;695;548;415;505;209;476;424;612;474;550;559;386;537;531;395;523;397;457;441;408;241;352;313;334;352;321;330;286;265;16345
"355090 São Simão";100;134;131;136;96;198;143;134;113;83;107;159;90;145;99;140;127;140;134;17;135;52;112;135;87;116;136;145;121;128;142;150;145;54;152;148;4384
"355100 São Vicente";422;2706;1815;2001;2363;2292;1978;2615;1768;1948;2020;1480;2467;1772;1004;2329;2190;1744;1692;2031;2090;1635;2073;2624;2026;4783;2166;2880;3331;2666;3283;3427;2787;2207;3010;1860;81485
"355160 Serra Negra";100;100;100;100;162;162;162;162;162;162;162;162;162;162;162;162;162;162;162;162;162;162;140;140;140;140;140;140;140;140;140;140;140;140;140;140;5276
"355150 Serrana";380;370;371;365;448;512;550;588;583;568;542;467;451;439;573;603;610;620;624;640;639;656;560;530;987;510;597;609;643;660;677;604;580;570;554;533;20213
"355170 Sertãozinho";505;545;545;545;545;545;545;545;545;545;545;438;545;545;524;450;545;545;545;545;419;356;425;459;487;545;545;545;545;545;545;545;264;264;264;264;17654
"355190 Severínia";-;-;-;-;-;-;-;-;-;-;-;-;-;-;105;66;89;105;105;105;105;90;105;105;-;105;105;80;105;-;103;103;70;82;81;102;1916
"355210 Socorro";150;121;121;121;121;121;121;121;121;121;51;121;121;121;52;157;177;163;121;88;74;156;130;152;141;96;179;192;142;176;126;112;197;161;162;197;4804
"355220 Sorocaba";2400;3028;3099;3718;3523;3310;3308;3114;3470;3122;2718;3299;2605;3184;1426;1092;3215;3317;492;2635;2445;2252;1971;482;1187;2674;1997;2200;2030;2134;1476;525;2213;652;2694;2085;85092
"355240 Sumaré";200;195;190;204;268;240;198;294;296;296;254;295;248;290;270;290;296;301;324;275;292;300;290;285;290;290;290;311;320;335;365;290;311;123;311;301;9928
"355250 Suzano";441;453;454;454;504;493;489;497;510;490;486;486;490;487;1074;1097;1060;1037;1083;1346;882;999;1058;934;872;1024;960;1000;1002;779;877;1005;1016;493;642;646;27620
"355260 Tabapuã";-;-;-;-;-;159;-;-;-;-;-;-;-;-;-;-;-;-;-;-;-;-;-;-;-;-;-;-;-;-;-;-;-;-;-;-;159
"355280 Taboão da Serra";1256;1465;1683;1666;1611;1397;1102;1108;1635;1476;1176;1310;1081;1112;1110;1587;1285;1355;1241;1527;1681;1704;1504;1635;2079;3133;1646;1856;1459;1622;1348;1424;1676;1470;1621;1401;54442
"355310 Taiaçu";2;3;3;2;-;2;2;2;2;2;3;2;1;1;3;3;3;3;3;4;3;6;7;3;6;6;2;2;3;3;3;-;8;3;-;-;101
"355320 Taiúva";32;32;12;32;32;32;32;32;6;32;32;32;32;32;32;32;32;32;32;9;32;31;31;29;32;32;30;32;32;32;32;30;24;10;24;32;1036
"355330 Tambaú";66;95;85;23;60;76;81;69;95;80;80;80;80;80;74;39;73;76;90;74;94;61;95;105;68;83;86;78;89;90;21;-;-;-;-;-;2346
"355340 Tanabi";113;113;113;113;113;113;113;113;113;113;113;113;112;112;115;228;289;277;352;286;187;220;223;290;201;104;204;289;288;352;300;288;283;292;292;289;7229
"355360 Tapiratiba";159;141;159;101;107;146;237;320;140;144;313;133;14;207;140;158;154;156;44;47;58;39;80;80;79;80;80;42;-;-;18;80;60;60;88;59;3923
"355370 Taquaritinga";342;365;361;427;352;191;190;120;37;280;209;154;265;199;170;169;117;169;189;188;232;241;183;263;96;279;381;166;283;328;264;92;311;69;314;349;8345
"355380 Taquarituba";51;57;57;60;70;70;53;70;63;20;48;70;45;67;67;81;100;109;70;67;82;88;69;9;74;9;47;47;47;102;81;79;65;99;130;96;2419
"355395 Tarumã";53;53;53;53;53;53;53;53;53;53;53;53;53;53;88;32;26;21;81;38;47;15;27;47;74;30;50;27;22;19;6;33;31;49;1;9;1515
"355400 Tatuí";-;-;86;42;235;321;432;1248;21;-;696;904;692;472;862;792;808;633;558;747;634;841;578;521;533;439;531;269;641;736;257;459;654;865;721;721;18949
"355410 Taubaté";614;1097;1059;1108;769;599;959;724;912;546;1100;759;912;70;128;123;1093;895;1166;467;872;798;824;871;774;832;864;836;735;924;860;934;1069;987;792;1086;29158
"355450 Tietê";-;30;27;38;45;29;25;28;39;23;19;27;-;42;31;38;31;47;-;39;54;54;21;-;35;27;38;-;35;-;-;35;42;37;30;23;989
"355480 Tremembé";263;276;269;266;269;268;267;234;266;263;272;183;275;271;272;286;160;94;42;169;178;84;47;43;41;87;45;48;295;237;208;179;229;72;31;29;6518
"355500 Tupã";672;672;672;672;672;672;672;672;654;672;672;670;672;672;672;672;955;955;988;936;939;935;934;851;802;909;950;933;926;928;948;926;965;937;935;926;29310
"355510 Tupi Paulista";-;59;133;129;140;113;110;140;115;140;111;125;140;118;116;119;170;73;63;75;67;82;70;78;53;43;85;70;82;82;104;72;41;106;84;102;3410
"355540 Ubatuba";405;289;528;528;159;355;284;387;391;405;280;311;129;358;472;362;392;205;190;138;318;425;335;298;-;313;328;-;490;249;119;672;305;339;267;264;11290
"355600 Urupês";2;4;20;1;1;1;14;3;1;10;8;7;8;3;-;17;20;22;4;4;8;4;2;11;-;12;6;14;9;10;2;1;6;3;11;11;260
"355620 Valinhos";30;30;30;30;-;-;30;30;30;30;30;30;30;30;30;30;30;30;30;-;128;117;335;180;180;197;146;217;167;57;148;148;200;53;-;137;2920
"355630 Valparaíso";40;40;-;-;-;-;-;-;-;-;-;-;-;-;15;15;-;15;15;15;15;-;15;15;15;15;15;16;15;15;15;15;9;22;15;15;382
"355635 Vargem";-;10;-;-;10;10;-;-;-;20;35;20;20;25;1;1;20;18;19;21;7;13;11;20;20;23;20;18;21;19;21;13;18;13;24;19;510
"355640 Vargem Grande do Sul";300;298;330;251;237;236;237;237;209;319;170;273;273;273;125;352;162;34;250;196;234;261;139;-;177;250;234;253;217;325;212;237;323;316;230;273;8443
"355645 Vargem Grande Paulista";257;252;261;268;261;227;261;108;253;241;270;242;260;295;95;344;363;328;367;349;297;463;253;268;118;268;262;362;287;294;172;378;374;256;463;235;10052
"355650 Várzea Paulista";1;-;-;1;1;15;36;54;268;391;334;282;212;444;503;414;212;522;636;183;607;205;1016;929;562;204;172;188;579;493;511;397;482;566;581;512;12513
"355670 Vinhedo";443;344;403;365;249;374;330;402;308;192;266;284;416;249;423;284;399;354;310;360;119;236;206;273;294;207;205;231;211;253;200;310;221;287;264;277;10549
"355680 Viradouro";88;88;88;88;88;88;-;88;88;40;-;-;-;-;-;-;-;74;74;78;77;67;66;63;61;38;38;50;50;37;24;50;45;46;50;45;1777
"355700 Votorantim";440;1012;897;972;997;915;436;1211;1139;1032;971;1276;742;1004;1033;941;1099;1034;1023;1320;958;873;877;1000;-;917;1000;1000;1000;1000;1000;1000;1000;1000;1000;967;34086
"355710 Votuporanga";328;328;291;350;340;353;283;148;330;330;329;320;301;317;351;346;233;214;257;260;218;262;211;217;188;245;272;381;328;449;367;426;449;397;439;392;11250
"Total";147953;161873;205985;186820;180415;179318;169359;190789;183151;175972;170431;171849;152297;172622;168367;186915;185047;186005;179870;196762;190944;185760;168183;182897;146690;174283;185363;191223;186446;188589;178065;192716;198931;181157;178378;195412;6476837
&